time,length
0.016,1000
0.0,2000
0.0,3000
0.0,4000
0.0,5000
0.0,6000
0.0,7000
0.047,8000
0.016,9000
0.046,10000
0.094,11000
0.032,12000
0.078,13000
0.094,14000
0.062,15000
0.109,16000
0.078,17000
0.094,18000
0.188,19000
0.172,20000
0.156,21000
0.156,22000
0.125,23000
0.125,24000
0.156,25000
0.156,26000
0.188,27000
0.188,28000
0.203,29000
0.203,30000
0.234,31000
0.25,32000
0.25,33000
0.266,34000
0.281,35000
0.297,36000
0.312,37000
0.328,38000
0.359,39000
0.376,40000
0.406,41000
0.406,42000
0.438,43000
0.453,44000
0.484,45000
0.501,46000
0.531,47000
0.547,48000
0.562,49000
0.594,50000
0.609,51000
0.656,52000
0.672,53000
0.704,54000
0.703,55000
0.782,56000
0.812,57000
0.781,58000
0.844,59000
0.907,60000
0.922,61000
0.921,62000
0.953,63000
1.141,64000
1.047,65000
1.047,66000
1.125,67000
1.218,68000
1.469,69000
1.5,70000
1.234,71000
1.234,72000
1.297,73000
1.344,74000
1.375,75000
1.375,76000
1.422,77000
1.484,78000
1.469,79000
1.531,80000
1.578,81000
1.625,82000
1.703,83000
1.781,84000
1.735,85000
1.75,86000
1.781,87000
1.813,88000
1.89,89000
1.938,90000
1.968,91000
1.984,92000
2.047,93000
2.094,94000
2.141,95000
2.187,96000
2.203,97000
2.266,98000
2.328,99000
